s t r a i n   s t r e s s   m o d u l u s
-0.5 -626.18 -1.1513e-11
-0.49 -613.66 -1.1616e-11
-0.48 -601.13 -1.1724e-11
-0.47 -588.61 -1.1837e-11
-0.46 -576.09 -1.1955e-11
-0.45 -563.56 -1.208e-11
-0.44 -551.04 -1.2213e-11
-0.43 -538.52 -1.2352e-11
-0.42 -525.99 -1.2501e-11
-0.41 -513.47 -1.2658e-11
-0.4 -500.94 -1.2826e-11
-0.39 -488.42 -1.3005e-11
-0.38 -475.9 -1.3197e-11
-0.37 -463.37 -1.3402e-11
-0.36 -450.85 -1.3622e-11
-0.35 -438.33 -1.3858e-11
-0.34 -425.8 -1.4113e-11
-0.33 -413.28 -1.4388e-11
-0.32 -400.76 -1.4685e-11
-0.31 -388.23 -1.5006e-11
-0.3 -375.71 -1.5355e-11
-0.29 -363.18 -1.5734e-11
-0.28 -350.66 -1.6146e-11
-0.27 -338.14 -1.6596e-11
-0.26 -325.61 -1.7088e-11
-0.25 -313.09 -1.7627e-11
-0.24 -300.57 -1.8219e-11
-0.23 -288.04 -1.887e-11
-0.22 -275.52 -1.959e-11
-0.21 -263 -2.0387e-11
-0.2 -250.47 -2.1274e-11
-0.19 -237.95 -2.2264e-11
-0.18 -225.42 -2.3375e-11
-0.17 -212.9 -2.4629e-11
-0.16 -200.38 -2.6054e-11
-0.15 -187.85 -2.7686e-11
-0.14 -175.33 -2.9572e-11
-0.13 -162.81 -3.1775e-11
-0.12 -150.28 -3.438e-11
-0.11 -137.76 -3.7503e-11
-0.1 -125.24 -4.131e-11
-0.09 -112.71 -4.6038e-11
-0.08 -100.19 -5.2043e-11
-0.07 -87.665 -5.9876e-11
-0.06 -75.142 -7.0446e-11
-0.05 -62.618 -8.5347e-11
-0.04 -50.094 -1.0764e-10
-0.03 -37.571 -1.4397e-10
-0.02 -25.047 -2.1123e-10
-0.01 -12.524 -3.5726e-10
0 -5.7009e-12 401.71
0.01 43.739 1394.9
0.02 107.99 1998.4
0.03 181.48 2406.2
0.04 264.23 2759.6
0.05 357.06 3111.1
0.06 461.15 3482.3
0.07 577.96 3886.8
0.08 709.14 4335.9
0.09 856.62 4838.7
0.1 1022.6 5402.4
0.11 1209.6 6032.2
0.12 1420.4 6732.3
0.13 1658.4 7506.5
0.14 1927.2 8358.4
0.15 2231.1 9292.1
0.16 2574.8 10312
0.17 2963.7 11423
0.18 3404.1 12630
0.19 3903 13941
0.2 4468.4 15361
0.21 5109.4 16898
0.22 5836.3 18561
0.23 6660.9 20358
0.24 7596.6 22299
0.25 8658.5 24396
0.26 9863.8 26659
0.27 11232 29101
0.28 12786 31736
0.29 14551 34579
0.3 16556 37644
0.31 18833 40948
0.32 21419 44510
0.33 24358 48349
0.34 27697 52486
0.35 31491 56943
0.36 35803 61744
0.37 40703 66913
0.38 46271 72479
0.39 52600 78469
0.4 59793 84915
0.41 67968 91849
0.42 77261 99306
0.43 87823 1.0732e+05
0.44 99829 1.1594e+05
0.45 1.1348e+05 1.2519e+05
0.46 1.2899e+05 1.3513e+05
0.47 1.4662e+05 1.4579e+05
0.48 1.6667e+05 1.5724e+05
0.49 1.8946e+05 1.6951e+05
