s t r a i n   m o d u l u s   s t r e s s _ n o r m a l
0 0 0
0.01 0.28562 0.28562
0.02 1.1424 1.1424
0.03 2.57 2.57
0.04 4.5681 4.5681
0.05 7.1361 7.1361
0.06 10.273 10.273
0.07 13.978 13.978
0.08 18.251 18.251
0.09 23.089 23.089
0.1 28.491 28.491
0.11 34.456 34.456
0.12 40.982 40.982
0.13 48.067 48.067
0.14 55.709 55.709
0.15 63.906 63.906
0.16 72.655 72.655
0.17 81.953 81.953
0.18 91.799 91.799
0.19 102.19 102.19
0.2 113.12 113.12
0.21 124.59 124.59
0.22 136.59 136.59
0.23 149.13 149.13
0.24 162.19 162.19
0.25 175.77 175.77
0.26 189.88 189.88
0.27 204.5 204.5
0.28 219.63 219.63
0.29 235.27 235.27
0.3 251.42 251.42
0.31 268.06 268.06
0.32 285.2 285.2
0.33 302.82 302.82
0.34 320.93 320.93
0.35 339.53 339.53
0.36 358.59 358.59
0.37 378.13 378.13
0.38 398.12 398.12
0.39 418.58 418.58
0.4 439.49 439.49
0.41 460.85 460.85
0.42 482.66 482.66
0.43 504.9 504.9
0.44 527.57 527.57
0.45 550.66 550.66
0.46 574.18 574.18
0.47 598.11 598.11
0.48 622.44 622.44
0.49 647.18 647.18
0.5 672.32 672.32
0.51 697.84 697.84
0.52 723.75 723.75
0.53 750.04 750.04
0.54 776.69 776.69
0.55 803.72 803.72
0.56 831.1 831.1
0.57 858.83 858.83
0.58 886.91 886.91
0.59 915.33 915.33
0.6 944.08 944.08
0.61 973.16 973.16
0.62 1002.6 1002.6
0.63 1032.3 1032.3
0.64 1062.3 1062.3
0.65 1092.6 1092.6
0.66 1123.2 1123.2
0.67 1154.1 1154.1
0.68 1185.3 1185.3
0.69 1216.8 1216.8
0.7 1248.5 1248.5
0.71 1280.5 1280.5
0.72 1312.8 1312.8
0.73 1345.3 1345.3
0.74 1378.1 1378.1
0.75 1411 1411
0.76 1444.3 1444.3
0.77 1477.7 1477.7
0.78 1511.4 1511.4
0.79 1545.3 1545.3
0.8 1579.4 1579.4
0.81 1613.7 1613.7
0.82 1648.1 1648.1
0.83 1682.8 1682.8
0.84 1717.7 1717.7
0.85 1752.7 1752.7
0.86 1787.9 1787.9
0.87 1823.3 1823.3
0.88 1858.9 1858.9
0.89 1894.6 1894.6
0.9 1930.4 1930.4
0.91 1966.4 1966.4
0.92 2002.5 2002.5
0.93 2038.8 2038.8
0.94 2075.2 2075.2
0.95 2111.7 2111.7
0.96 2148.4 2148.4
0.97 2185.1 2185.1
0.98 2222 2222
0.99 2258.9 2258.9
1 2296 2296
