s t r a i n   m o d u l u s   s t r e s s _ n o r m a l
0 13.6 0
0.01 14.401 0.0077403
0.02 15.27 0.0333
0.03 16.289 0.080815
0.04 17.485 0.15542
0.05 18.89 0.26352
0.06 20.546 0.41304
0.07 22.501 0.61392
0.08 24.813 0.87848
0.09 27.554 1.2222
0.1 30.811 1.6642
0.11 34.688 2.2288
0.12 39.315 2.946
0.13 44.846 3.8536
0.14 51.473 4.999
0.15 59.431 6.4416
0.16 69.005 8.2561
0.17 80.549 10.537
0.18 94.494 13.401
0.19 111.38 16.998
0.2 131.85 21.516
0.21 156.73 27.191
0.22 187.03 34.323
0.23 223.98 43.29
0.24 269.13 54.57
0.25 324.41 68.769
0.26 392.2 86.656
0.27 475.47 109.2
0.28 577.94 137.65
0.29 704.24 173.57
0.3 860.17 218.96
0.31 1053 276.38
0.32 1291.8 349.05
0.33 1588 441.14
0.34 1955.9 557.91
0.35 2413.7 706.12
0.36 2984 894.41
0.37 3695.7 1133.8
0.38 4584.9 1438.5
0.39 5697.5 1826.6
0.4 7091.6 2321.4
0.41 8840.6 2952.9
0.42 11038 3759.4
0.43 13802 4790.4
0.44 17284 6109.6
0.45 21676 7799
0.46 27222 9964.4
0.47 34234 12743
0.48 43111 16310
0.49 54362 20894
0.5 68640 26792
0.51 86781 34384
0.52 1.0986e+05 44167
0.53 1.3924e+05 56785
0.54 1.7671e+05 73071
0.55 2.2453e+05 94111
0.56 2.8564e+05 1.2132e+05
0.57 3.6381e+05 1.5652e+05
0.58 4.6393e+05 2.0213e+05
0.59 5.9228e+05 2.6124e+05
0.6 7.5701e+05 3.3794e+05
0.61 9.6866e+05 4.3753e+05
0.62 1.2409e+06 5.6696e+05
0.63 1.5914e+06 7.3532e+05
0.64 2.0431e+06 9.5447e+05
0.65 2.6259e+06 1.24e+06
0.66 3.3787e+06 1.6123e+06
0.67 4.3518e+06 2.0982e+06
0.68 5.6111e+06 2.7328e+06
0.69 7.2425e+06 3.5623e+06
0.7 9.3578e+06 4.6474e+06
0.71 1.2103e+07 6.0681e+06
0.72 1.567e+07 7.9297e+06
0.73 2.0309e+07 1.0371e+07
0.74 2.6347e+07 1.3575e+07
0.75 3.4214e+07 1.7783e+07
0.76 4.4474e+07 2.3314e+07
0.77 5.7866e+07 3.0591e+07
0.78 7.5364e+07 4.0171e+07
0.79 9.8247e+07 5.2793e+07
0.8 1.282e+08 6.9436e+07
0.81 1.6744e+08 9.1398e+07
0.82 2.1889e+08 1.204e+08
0.83 2.8642e+08 1.5873e+08
0.84 3.7513e+08 2.0943e+08
0.85 4.9176e+08 2.7653e+08
0.86 6.4523e+08 3.6542e+08
0.87 8.4735e+08 4.8324e+08
0.88 1.1138e+09 6.3954e+08
0.89 1.4652e+09 8.4704e+08
0.9 1.9293e+09 1.1227e+09
0.91 2.5425e+09 1.4892e+09
0.92 3.3536e+09 1.9768e+09
0.93 4.4271e+09 2.6261e+09
0.94 5.8492e+09 3.4911e+09
0.95 7.7346e+09 4.6444e+09
0.96 1.0236e+10 6.1833e+09
0.97 1.3558e+10 8.2381e+09
0.98 1.7973e+10 1.0984e+10
0.99 2.3844e+10 1.4655e+10
1 3.1659e+10 1.9566e+10
