s t r a i n     m o d u l u s
0 14.2
0.01 15.063
0.02 15.872
0.03 16.824
0.04 17.945
0.05 19.27
0.06 20.837
0.07 22.695
0.08 24.903
0.09 27.534
0.1 30.677
0.11 34.443
0.12 38.967
0.13 44.417
0.14 51.004
0.15 58.987
0.16 68.691
0.17 80.52
0.18 94.985
0.19 112.72
0.2 134.54
0.21 161.44
0.22 194.72
0.23 235.99
0.24 287.32
0.25 351.33
0.26 431.36
0.27 531.67
0.28 657.72
0.29 816.53
0.3 1017.1
0.31 1270.9
0.32 1593
0.33 2002.6
0.34 2524.7
0.35 3191.5
0.36 4045.1
0.37 5140
0.38 6547.5
0.39 8360.4
0.4 10700
0.41 13726
0.42 17646
0.43 22734
0.44 29351
0.45 37972
0.46 49224
0.47 63935
0.48 83204
0.49 1.0848e+05
0.5 1.4171e+05
0.51 1.8545e+05
0.52 2.4311e+05
0.53 3.1928e+05
0.54 4.2003e+05
0.55 5.5351e+05
0.56 7.3063e+05
0.57 9.6601e+05
0.58 1.2793e+06
0.59 1.6969e+06
0.6 2.2544e+06
0.61 2.9997e+06
0.62 3.9975e+06
0.63 5.3353e+06
0.64 7.1315e+06
0.65 9.5464e+06
0.66 1.2798e+07
0.67 1.7181e+07
0.68 2.3099e+07
0.69 3.1098e+07
0.7 4.1926e+07
0.71 5.6601e+07
0.72 7.6517e+07
0.73 1.0358e+08
0.74 1.404e+08
0.75 1.9057e+08
0.76 2.5899e+08
0.77 3.5243e+08
0.78 4.802e+08
0.79 6.5511e+08
0.8 8.9486e+08
0.81 1.2239e+09
0.82 1.6759e+09
0.83 2.2976e+09
0.84 3.1539e+09
0.85 4.3343e+09
0.86 5.9637e+09
0.87 8.2153e+09
0.88 1.133e+10
0.89 1.5644e+10
0.9 2.1624e+10
0.91 2.9926e+10
0.92 4.146e+10
0.93 5.7504e+10
0.94 7.9844e+10
0.95 1.1099e+11
0.96 1.5444e+11
0.97 2.1514e+11
0.98 3.0002e+11
0.99 4.1884e+11
1 5.8531e+11
