s t r a i n   m o d u l u s     s t r e s s _ n o r m a l
0 0 0 
0.01 0 0
0.02 0.69078 0.098883
0.03 2.5837 0.37309
0.04 5.1896 0.75875
0.05 8.4651 1.2572
0.06 12.358 1.8699
0.07 16.811 2.598
0.08 21.759 3.4424
0.09 27.139 4.4035
0.1 32.885 5.481
0.11 38.935 6.6739
0.12 45.229 7.9805
0.13 51.711 9.3982
0.14 58.33 10.924
0.15 65.04 12.554
0.16 71.802 14.285
0.17 78.581 16.111
0.18 85.348 18.028
0.19 92.077 20.031
0.2 98.748 22.116
0.21 105.34 24.276
0.22 111.85 26.507
0.23 118.27 28.805
0.24 124.58 31.165
0.25 130.77 33.582
0.26 136.86 36.053
0.27 142.83 38.574
0.28 148.69 41.142
0.29 154.43 43.752
0.3 160.06 46.402
0.31 165.58 49.089
0.32 170.99 51.81
0.33 176.3 54.564
0.34 181.5 57.347
0.35 186.61 60.158
0.36 191.62 62.995
0.37 196.54 65.857
0.38 201.37 68.74
0.39 206.12 71.646
0.4 210.78 74.571
0.41 215.37 77.514
0.42 219.88 80.475
0.43 224.33 83.452
0.44 228.7 86.445
0.45 233.01 89.451
0.46 237.25 92.472
0.47 241.44 95.505
0.48 245.56 98.55
0.49 249.64 101.61
0.5 253.65 104.67
0.51 257.62 107.75
0.52 261.54 110.83
0.53 265.41 113.93
0.54 269.24 117.03
0.55 273.02 120.14
0.56 276.77 123.25
0.57 280.47 126.38
0.58 284.13 129.5
0.59 287.75 132.64
0.6 291.34 135.78
0.61 294.9 138.92
0.62 298.42 142.07
0.63 301.9 145.22
0.64 305.36 148.37
0.65 308.79 151.53
0.66 312.18 154.69
0.67 315.55 157.85
0.68 318.89 161.01
0.69 322.2 164.18
0.7 325.48 167.34
0.71 328.74 170.51
0.72 331.97 173.67
0.73 335.18 176.84
0.74 338.37 180.01
0.75 341.53 183.17
0.76 344.67 186.34
0.77 347.79 189.5
0.78 350.88 192.66
0.79 353.96 195.82
0.8 357.01 198.98
0.81 360.05 202.14
0.82 363.06 205.29
0.83 366.05 208.44
0.84 369.03 211.59
0.85 371.98 214.73
0.86 374.92 217.87
0.87 377.84 221.01
0.88 380.74 224.14
0.89 383.62 227.27
0.9 386.49 230.39
0.91 389.34 233.51
0.92 392.17 236.63
0.93 394.99 239.74
0.94 397.78 242.84
0.95 400.57 245.94
0.96 403.33 249.03
0.97 406.09 252.12
0.98 408.82 255.2
0.99 411.54 258.28
1 414.25 261.35
