s t r a i n   s t r e s s   m o d u l u s
-0.5 -81.961 -30.228
-0.49 -82.53 -30.243
-0.48 -83.083 -30.216
-0.47 -83.621 -30.142
-0.46 -84.144 -30.02
-0.45 -84.653 -29.846
-0.44 -85.147 -29.617
-0.43 -85.626 -29.329
-0.42 -86.092 -28.978
-0.41 -86.543 -28.56
-0.4 -86.979 -28.07
-0.39 -87.402 -27.502
-0.38 -87.811 -26.85
-0.37 -88.205 -26.107
-0.36 -88.585 -25.265
-0.35 -88.95 -24.316
-0.34 -89.301 -23.25
-0.33 -89.637 -22.057
-0.32 -89.958 -20.722
-0.31 -90.263 -19.233
-0.3 -90.551 -17.573
-0.29 -90.823 -15.724
-0.28 -91.077 -13.664
-0.27 -91.313 -11.369
-0.26 -91.528 -8.8105
-0.25 -91.723 -5.9547
-0.24 -91.895 -2.7629
-0.23 -92.041 0.81057
-0.22 -92.16 4.82
-0.21 -92.248 9.3301
-0.2 -92.302 14.418
-0.19 -92.316 20.178
-0.18 -92.284 26.723
-0.17 -92.199 34.193
-0.16 -92.05 42.76
-0.15 -91.825 52.639
-0.14 -91.506 64.099
-0.13 -91.07 77.483
-0.12 -90.488 93.231
-0.11 -89.716 111.91
-0.1 -88.697 134.28
-0.09 -87.348 161.31
-0.08 -85.553 194.35
-0.07 -83.142 235.19
-0.06 -79.865 286.32
-0.05 -75.351 351.17
-0.04 -69.041 434.6
-0.03 -60.081 543.5
-0.02 -47.153 687.65
-0.01 -28.203 879.93
0 1.4677e-06 1112.5
0.01 37.989 1313.2
0.02 84.43 1521.6
0.03 141.35 1765.7
0.04 211.28 2055
0.05 297.41 2398.9
0.06 403.73 2809.2
0.07 535.27 3300.2
0.08 698.38 3889.6
0.09 901.04 4599.2
0.1 1153.4 5455.9
0.11 1468.1 6493
0.12 1861.4 7751.9
0.13 2353.7 9284
0.14 2970.9 11153
0.15 3746.1 13439
0.16 4720.8 16240
0.17 5948.4 19681
0.18 7496.4 23917
0.19 9450.7 29142
0.2 11921 35598
0.21 15047 43591
0.22 19008 53503
0.23 24029 65818
0.24 30403 81141
0.25 38501 1.0024e+05
0.26 48797 1.2407e+05
0.27 61898 1.5385e+05
0.28 78583 1.9112e+05
0.29 99847 2.3783e+05
0.3 1.2696e+05 2.9643e+05
0.31 1.6157e+05 3.7003e+05
0.32 2.0576e+05 4.6258e+05
0.33 2.6222e+05 5.791e+05
0.34 3.3441e+05 7.2592e+05
0.35 4.2674e+05 9.1111e+05
0.36 5.4492e+05 1.1449e+06
0.37 6.9624e+05 1.4404e+06
0.38 8.9009e+05 1.8142e+06
0.39 1.1385e+06 2.2873e+06
0.4 1.4571e+06 2.8867e+06
0.41 1.8658e+06 3.6466e+06
0.42 2.3902e+06 4.6109e+06
0.43 3.0634e+06 5.8352e+06
0.44 3.928e+06 7.3908e+06
0.45 5.0387e+06 9.3687e+06
0.46 6.4662e+06 1.1885e+07
0.47 8.3013e+06 1.5088e+07
0.48 1.0661e+07 1.9169e+07
0.49 1.3697e+07 2.4369e+07
