s t r a i n   s t r e s s   m o d u l u s
-0.5 -1200.8 574.29
-0.49 -1190.9 599.64
-0.48 -1180.2 625.31
-0.47 -1168.7 651.29
-0.46 -1156.4 677.58
-0.45 -1143.5 704.18
-0.44 -1129.7 731.08
-0.43 -1115.3 758.27
-0.42 -1100.2 785.76
-0.41 -1084.4 813.54
-0.4 -1068 841.6
-0.39 -1050.9 869.95
-0.38 -1033.2 898.58
-0.37 -1014.9 927.48
-0.36 -995.94 956.66
-0.35 -976.41 986.1
-0.34 -956.3 1015.8
-0.33 -935.63 1045.8
-0.32 -914.4 1076
-0.31 -892.63 1106.5
-0.3 -870.33 1137.3
-0.29 -847.51 1168.2
-0.28 -824.18 1199.5
-0.27 -800.35 1231
-0.26 -776.03 1262.7
-0.25 -751.23 1294.7
-0.24 -725.96 1326.9
-0.23 -700.24 1359.3
-0.22 -674.06 1392
-0.21 -647.44 1424.9
-0.2 -620.38 1458
-0.19 -592.9 1491.3
-0.18 -565.01 1524.9
-0.17 -536.71 1558.6
-0.16 -508 1592.6
-0.15 -478.91 1626.8
-0.14 -449.42 1661.2
-0.13 -419.56 1695.8
-0.12 -389.33 1730.7
-0.11 -358.74 1765.7
-0.1 -327.78 1800.9
-0.09 -296.48 1836.3
-0.08 -264.83 1871.9
-0.07 -232.85 1907.7
-0.06 -200.53 1943.7
-0.05 -167.89 1979.9
-0.04 -134.93 2016.3
-0.03 -101.65 2052.8
-0.02 -68.07 2089.6
-0.01 -34.184 2126.5
0 1.4673e-06 2163.6
0.01 34.476 2200.8
0.02 69.239 2238.3
0.03 104.28 2275.9
0.04 139.61 2313.7
0.05 175.2 2351.6
0.06 211.06 2389.7
0.07 247.19 2428
0.08 283.57 2466.4
0.09 320.21 2505
0.1 357.1 2543.8
0.11 394.23 2582.7
0.12 431.6 2621.8
0.13 469.22 2661
0.14 507.06 2700.4
0.15 545.14 2739.9
0.16 583.44 2779.5
0.17 621.96 2819.4
0.18 660.7 2859.3
0.19 699.66 2899.4
0.2 738.83 2939.7
0.21 778.21 2980.1
0.22 817.79 3020.6
0.23 857.57 3061.2
0.24 897.55 3102
0.25 937.73 3143
0.26 978.1 3184
0.27 1018.7 3225.2
0.28 1059.4 3266.5
0.29 1100.3 3308
0.3 1141.4 3349.6
0.31 1182.7 3391.3
0.32 1224.2 3433.1
0.33 1265.8 3475.1
0.34 1307.6 3517.1
0.35 1349.6 3559.3
0.36 1391.7 3601.6
0.37 1434 3644
0.38 1476.5 3686.6
0.39 1519.1 3729.3
0.4 1561.9 3772
0.41 1604.8 3814.9
0.42 1647.9 3857.9
0.43 1691.1 3901
0.44 1734.4 3944.2
0.45 1778 3987.5
0.46 1821.6 4031
0.47 1865.4 4074.5
0.48 1909.3 4118.2
0.49 1953.4 4161.9
