s t r a i n   m o d u l u s   s t r e s s _ n o r m a l
0 1353.5 0
0.01 1382.4 13.755
0.02 1411.3 27.944
0.03 1440.9 42.583
0.04 1471.3 57.686
0.05 1502.5 73.268
0.06 1534.4 89.346
0.07 1567.2 105.93
0.08 1600.9 123.05
0.09 1635.4 140.71
0.1 1670.9 158.94
0.11 1707.3 177.75
0.12 1744.6 197.17
0.13 1782.9 217.21
0.14 1822.3 237.89
0.15 1862.7 259.24
0.16 1904.2 281.27
0.17 1946.8 304.03
0.18 1990.6 327.51
0.19 2035.6 351.76
0.2 2081.8 376.8
0.21 2129.3 402.66
0.22 2178.1 429.35
0.23 2228.2 456.93
0.24 2279.7 485.4
0.25 2332.7 514.82
0.26 2387.1 545.2
0.27 2443.1 576.58
0.28 2500.7 609
0.29 2559.9 642.49
0.3 2620.8 677.1
0.31 2683.4 712.86
0.32 2747.9 749.81
0.33 2814.1 787.99
0.34 2882.4 827.46
0.35 2952.5 868.25
0.36 3024.8 910.41
0.37 3099.1 954
0.38 3175.7 999.06
0.39 3254.5 1045.6
0.4 3335.6 1093.8
0.41 3419.1 1143.6
0.42 3505.2 1195.1
0.43 3593.8 1248.4
0.44 3685.1 1303.5
0.45 3779.1 1360.5
0.46 3876 1419.4
0.47 3975.8 1480.4
0.48 4078.7 1543.5
0.49 4184.8 1608.8
0.5 4294.1 1676.4
0.51 4406.7 1746.3
0.52 4522.9 1818.6
0.53 4642.7 1893.5
0.54 4766.2 1971
0.55 4893.6 2051.2
0.56 5025 2134.3
0.57 5160.5 2220.3
0.58 5300.3 2309.3
0.59 5444.6 2401.5
0.6 5593.4 2497
0.61 5747 2595.9
0.62 5905.6 2698.3
0.63 6069.2 2804.4
0.64 6238.2 2914.3
0.65 6412.6 3028.1
0.66 6592.7 3146.1
0.67 6778.6 3268.3
0.68 6970.7 3394.9
0.69 7169 3526.1
0.7 7373.9 3662.2
0.71 7585.6 3803.1
0.72 7804.3 3949.2
0.73 8030.2 4100.7
0.74 8263.7 4257.7
0.75 8505 4420.5
0.76 8754.4 4589.3
0.77 9012.3 4764.3
0.78 9278.8 4945.8
0.79 9554.4 5134
0.8 9839.3 5329.2
0.81 10134 5531.7
0.82 10439 5741.8
0.83 10754 5959.6
0.84 11080 6185.7
0.85 11417 6420.2
0.86 11766 6663.6
0.87 12127 6916.1
0.88 12501 7178.2
0.89 12887 7450.2
0.9 13288 7732.5
0.91 13702 8025.5
0.92 14131 8329.6
0.93 14575 8645.4
0.94 15034 8973.2
0.95 15510 9313.6
0.96 16003 9667
0.97 16514 10034
0.98 17043 10415
0.99 17590 10811
1 18158 11222
