s t r a i n     m o d u l u s
0 1322.8
0.01 1354.6
0.02 1386.4
0.03 1418.9
0.04 1452.2
0.05 1486.3
0.06 1521.1
0.07 1556.8
0.08 1593.3
0.09 1630.7
0.1 1668.9
0.11 1708.1
0.12 1748.2
0.13 1789.2
0.14 1831.3
0.15 1874.4
0.16 1918.5
0.17 1963.7
0.18 2010
0.19 2057.4
0.2 2106
0.21 2155.8
0.22 2206.8
0.23 2259.1
0.24 2312.7
0.25 2367.6
0.26 2423.9
0.27 2481.6
0.28 2540.8
0.29 2601.4
0.3 2663.6
0.31 2727.5
0.32 2793.1
0.33 2860.4
0.34 2929.4
0.35 3000.2
0.36 3072.8
0.37 3147.2
0.38 3223.5
0.39 3301.8
0.4 3382.1
0.41 3464.5
0.42 3549
0.43 3635.8
0.44 3724.8
0.45 3816.2
0.46 3909.9
0.47 4006.2
0.48 4105
0.49 4206.4
0.5 4310.6
0.51 4417.6
0.52 4527.5
0.53 4640.4
0.54 4756.3
0.55 4875.3
0.56 4997.7
0.57 5123.3
0.58 5252.5
0.59 5385.1
0.6 5521.6
0.61 5661.8
0.62 5806
0.63 5954.2
0.64 6106.5
0.65 6263
0.66 6424
0.67 6589.5
0.68 6759.8
0.69 6934.8
0.7 7114.9
0.71 7300.1
0.72 7490.6
0.73 7686.8
0.74 7888.6
0.75 8096.4
0.76 8310.2
0.77 8530.3
0.78 8756.8
0.79 8990
0.8 9230.3
0.81 9477.7
0.82 9732.4
0.83 9994.7
0.84 10265
0.85 10543
0.86 10830
0.87 11125
0.88 11429
0.89 11743
0.9 12066
0.91 12399
0.92 12742
0.93 13096
0.94 13461
0.95 13837
0.96 14224
0.97 14624
0.98 15036
0.99 15461
1 15900
