s t r a i n   s t r e s s   m o d u l u s
-0.5 -320.72 4.8994
-0.49 -314.6 5.1669
-0.48 -308.48 5.4473
-0.47 -302.36 5.7415
-0.46 -296.24 6.0502
-0.45 -290.12 6.3745
-0.44 -284 6.7152
-0.43 -277.88 7.0737
-0.42 -271.76 7.451
-0.41 -265.64 7.8485
-0.4 -259.51 8.2677
-0.39 -253.39 8.7103
-0.38 -247.27 9.178
-0.37 -241.15 9.6729
-0.36 -235.03 10.197
-0.35 -228.91 10.753
-0.34 -222.79 11.344
-0.33 -216.67 11.973
-0.32 -210.55 12.642
-0.31 -204.43 13.357
-0.3 -198.31 14.122
-0.29 -192.19 14.941
-0.28 -186.07 15.822
-0.27 -179.95 16.769
-0.26 -173.83 17.792
-0.25 -167.71 18.898
-0.24 -161.59 20.099
-0.23 -155.47 21.407
-0.22 -149.35 22.836
-0.21 -143.23 24.404
-0.2 -137.11 26.131
-0.19 -130.99 28.043
-0.18 -124.87 30.17
-0.17 -118.74 32.549
-0.16 -112.62 35.23
-0.15 -106.5 38.27
-0.14 -100.38 41.748
-0.13 -94.262 45.764
-0.12 -88.141 50.452
-0.11 -82.019 55.992
-0.1 -75.894 62.635
-0.09 -69.765 70.736
-0.08 -63.626 80.812
-0.07 -57.467 93.637
-0.06 -51.263 110.4
-0.05 -44.965 132.97
-0.04 -38.465 164.42
-0.03 -31.538 209.83
-0.02 -23.699 277.96
-0.01 -13.918 384.13
0 0 550.5
0.01 18.136 610.29
0.02 54.968 1101
0.03 156.04 2399.6
0.04 455.7 5718.4
0.05 1369.3 14406
0.06 4181.1 37690
0.07 12861 1.0132e+05
0.08 39684 2.7792e+05
0.09 1.226e+05 7.7426e+05
0.1 3.7892e+05 2.1836e+06
0.11 1.1713e+06 6.2194e+06
0.12 3.6212e+06 1.786e+07
0.13 1.1195e+07 5.1638e+07
0.14 3.4611e+07 1.5017e+08
0.15 1.07e+08 4.389e+08
0.16 3.3081e+08 1.2883e+09
0.17 1.0227e+09 3.7959e+09
0.18 3.1619e+09 1.1222e+10
0.19 9.7752e+09 3.3275e+10
0.2 3.0221e+10 9.8925e+10
0.21 9.3431e+10 2.9481e+11
0.22 2.8885e+11 8.8045e+11
0.23 8.9302e+11 2.6346e+12
0.24 2.7608e+12 7.8978e+12
0.25 8.5354e+12 2.3714e+13
0.26 2.6388e+13 7.131e+13
0.27 8.1582e+13 2.1473e+14
0.28 2.5222e+14 6.4741e+14
0.29 7.7976e+14 1.9543e+15
0.3 2.4107e+15 5.9055e+15
0.31 7.4529e+15 1.7864e+16
0.32 2.3041e+16 5.4087e+16
0.33 7.1235e+16 1.6391e+17
0.34 2.2023e+17 4.9712e+17
0.35 6.8086e+17 1.5089e+18
0.36 2.105e+18 4.5833e+18
0.37 6.5077e+18 1.3931e+19
0.38 2.0119e+19 4.2372e+19
0.39 6.22e+19 1.2895e+20
0.4 1.923e+20 3.9267e+20
0.41 5.9451e+20 1.1964e+21
0.42 1.838e+21 3.6469e+21
0.43 5.6823e+21 1.1122e+22
0.44 1.7568e+22 3.3936e+22
0.45 5.4312e+22 1.0359e+23
0.46 1.6791e+23 3.1634e+23
0.47 5.1911e+23 9.6642e+23
0.48 1.6049e+24 2.9535e+24
0.49 4.9617e+24 9.0296e+24
