s t r a i n   s t r e s s   m o d u l u s
-0.5 -222.66 -10.844
-0.49 -218.96 -10.869
-0.48 -215.27 -10.881
-0.47 -211.56 -10.877
-0.46 -207.85 -10.858
-0.45 -204.14 -10.822
-0.44 -200.42 -10.768
-0.43 -196.7 -10.695
-0.42 -192.97 -10.602
-0.41 -189.24 -10.487
-0.4 -185.5 -10.348
-0.39 -181.76 -10.185
-0.38 -178.01 -9.9935
-0.37 -174.26 -9.7729
-0.36 -170.5 -9.5202
-0.35 -166.74 -9.2327
-0.34 -162.98 -8.9071
-0.33 -159.21 -8.5399
-0.32 -155.43 -8.1269
-0.31 -151.65 -7.6634
-0.3 -147.87 -7.1441
-0.29 -144.08 -6.5629
-0.28 -140.28 -5.9127
-0.27 -136.48 -5.1854
-0.26 -132.68 -4.3715
-0.25 -128.86 -3.4599
-0.24 -125.04 -2.4375
-0.23 -121.22 -1.289
-0.22 -117.38 0.0039683
-0.21 -113.54 1.4633
-0.2 -109.69 3.1153
-0.19 -105.82 4.9922
-0.18 -101.94 7.1331
-0.17 -98.052 9.5866
-0.16 -94.142 12.413
-0.15 -90.212 15.688
-0.14 -86.256 19.51
-0.13 -82.268 24.001
-0.12 -78.239 29.326
-0.11 -74.159 35.698
-0.1 -70.008 43.406
-0.09 -65.765 52.84
-0.08 -61.391 64.541
-0.07 -56.832 79.265
-0.06 -52.004 98.093
-0.05 -46.775 122.59
-0.04 -40.932 155.07
-0.03 -34.13 198.97
-0.02 -25.797 259.45
-0.01 -14.968 343.62
0 5.9732e-07 462.72
0.01 22.763 709.89
0.02 67.846 1224.1
0.03 165.61 2246.9
0.04 389.87 4347.3
0.05 923.55 8810.7
0.06 2225.7 18585
0.07 5461.1 40552
0.08 13611 91022
0.09 34364 2.092e+05
0.1 87692 4.9043e+05
0.11 2.2575e+05 1.1691e+06
0.12 5.8542e+05 2.827e+06
0.13 1.5276e+06 6.92e+06
0.14 4.0077e+06 1.712e+07
0.15 1.0563e+07 4.2746e+07
0.16 2.7952e+07 1.0761e+08
0.17 7.4235e+07 2.7286e+08
0.18 1.9778e+08 6.9635e+08
0.19 5.2843e+08 1.7875e+09
0.2 1.4155e+09 4.6122e+09
0.21 3.8004e+09 1.1957e+10
0.22 1.0225e+10 3.1134e+10
0.23 2.7564e+10 8.1382e+10
0.24 7.4433e+10 2.1349e+11
0.25 2.0132e+11 5.6191e+11
0.26 5.4534e+11 1.4835e+12
0.27 1.4792e+12 3.9273e+12
0.28 4.0175e+12 1.0424e+13
0.29 1.0924e+13 2.7735e+13
0.3 2.9738e+13 7.3959e+13
0.31 8.1034e+13 1.9763e+14
0.32 2.2103e+14 5.2912e+14
0.33 6.0343e+14 1.4192e+15
0.34 1.6488e+15 3.8131e+15
0.35 4.5088e+15 1.0261e+16
0.36 1.2339e+16 2.7654e+16
0.37 3.3791e+16 7.4634e+16
0.38 9.2602e+16 2.0169e+17
0.39 2.5393e+17 5.4573e+17
0.4 6.9675e+17 1.4784e+18
0.41 1.9129e+18 4.0093e+18
0.42 5.2545e+18 1.0884e+19
0.43 1.4441e+19 2.9578e+19
0.44 3.9709e+19 8.0454e+19
0.45 1.0924e+20 2.1903e+20
0.46 3.0065e+20 5.9682e+20
0.47 8.2782e+20 1.6275e+21
0.48 2.2803e+21 4.4415e+21
0.49 6.2836e+21 1.213e+22
