s t r a i n   s t r e s s   m o d u l u s
-0.5 -316.55 -2.5906e-10
-0.49 -310.22 -2.6799e-10
-0.48 -303.89 -2.7722e-10
-0.47 -297.56 -2.8679e-10
-0.46 -291.23 -2.9671e-10
-0.45 -284.9 -3.0699e-10
-0.44 -278.57 -3.1768e-10
-0.43 -272.24 -3.2879e-10
-0.42 -265.91 -3.4035e-10
-0.41 -259.57 -3.524e-10
-0.4 -253.24 -3.6497e-10
-0.39 -246.91 -3.7809e-10
-0.38 -240.58 -3.918e-10
-0.37 -234.25 -4.0616e-10
-0.36 -227.92 -4.2122e-10
-0.35 -221.59 -4.3701e-10
-0.34 -215.26 -4.5361e-10
-0.33 -208.93 -4.7109e-10
-0.32 -202.59 -4.8951e-10
-0.31 -196.26 -5.0896e-10
-0.3 -189.93 -5.2953e-10
-0.29 -183.6 -5.5133e-10
-0.28 -177.27 -5.7446e-10
-0.27 -170.94 -5.9907e-10
-0.26 -164.61 -6.2531e-10
-0.25 -158.28 -6.5333e-10
-0.24 -151.95 -6.8333e-10
-0.23 -145.61 -7.1554e-10
-0.22 -139.28 -7.5021e-10
-0.21 -132.95 -7.8764e-10
-0.2 -126.62 -8.2815e-10
-0.19 -120.29 -8.7215e-10
-0.18 -113.96 -9.2011e-10
-0.17 -107.63 -9.7256e-10
-0.16 -101.3 -1.0301e-09
-0.15 -94.966 -1.0936e-09
-0.14 -88.635 -1.1638e-09
-0.13 -82.304 -1.2419e-09
-0.12 -75.973 -1.3289e-09
-0.11 -69.642 -1.4265e-09
-0.1 -63.311 -1.5361e-09
-0.09 -56.98 -1.6596e-09
-0.08 -50.649 -1.799e-09
-0.07 -44.318 -1.9562e-09
-0.06 -37.986 -2.1328e-09
-0.05 -31.655 -2.3297e-09
-0.04 -25.324 -2.5462e-09
-0.03 -18.993 -2.7793e-09
-0.02 -12.662 -3.0225e-09
-0.01 -6.3311 -3.265e-09
0 -2.7979e-10 9.2356
0.01 49.317 516.29
0.02 121.88 1147.5
0.03 219.89 1887.4
0.04 345.06 2706.7
0.05 496.78 3568.7
0.06 672.51 4437.7
0.07 868.59 5284.9
0.08 1081.1 6091.1
0.09 1306.3 6846.7
0.1 1541.4 7548.7
0.11 1783.8 8199
0.12 2031.9 8801.8
0.13 2284.5 9362.2
0.14 2540.5 9885.6
0.15 2799.4 10377
0.16 3060.6 10840
0.17 3323.8 11280
0.18 3588.7 11699
0.19 3855.1 12101
0.2 4122.8 12487
0.21 4391.6 12859
0.22 4661.5 13220
0.23 4932.2 13570
0.24 5203.8 13911
0.25 5476.1 14244
0.26 5749.2 14569
0.27 6022.8 14889
0.28 6297 15202
0.29 6571.7 15511
0.3 6846.9 15815
0.31 7122.6 16114
0.32 7398.6 16410
0.33 7675 16703
0.34 7951.8 16992
0.35 8228.9 17279
0.36 8506.3 17563
0.37 8784 17845
0.38 9061.9 18125
0.39 9340.1 18403
0.4 9618.5 18680
0.41 9897.1 18955
0.42 10176 19228
0.43 10455 19500
0.44 10734 19771
0.45 11013 20041
0.46 11293 20310
0.47 11573 20578
0.48 11852 20845
0.49 12132 21111
