s t r a i n   s t r e s s   m o d u l u s
-0.5 -206.35 -7.3211
-0.49 -202.49 -7.4508
-0.48 -198.64 -7.5797
-0.47 -194.79 -7.7076
-0.46 -190.94 -7.8347
-0.45 -187.08 -7.9609
-0.44 -183.23 -8.0862
-0.43 -179.37 -8.2105
-0.42 -175.51 -8.334
-0.41 -171.66 -8.4565
-0.4 -167.8 -8.5781
-0.39 -163.94 -8.6988
-0.38 -160.08 -8.8186
-0.37 -156.22 -8.9374
-0.36 -152.35 -9.0554
-0.35 -148.49 -9.1723
-0.34 -144.62 -9.2883
-0.33 -140.76 -9.4034
-0.32 -136.89 -9.5176
-0.31 -133.03 -9.6308
-0.3 -129.16 -9.7431
-0.29 -125.29 -9.8544
-0.28 -121.42 -9.9648
-0.27 -117.55 -10.074
-0.26 -113.68 -10.183
-0.25 -109.8 -10.29
-0.24 -105.93 -10.397
-0.23 -102.05 -10.503
-0.22 -98.178 -10.607
-0.21 -94.301 -10.711
-0.2 -90.424 -10.814
-0.19 -86.545 -10.916
-0.18 -82.666 -11.017
-0.17 -78.785 -11.117
-0.16 -74.904 -11.216
-0.15 -71.022 -11.314
-0.14 -67.139 -11.412
-0.13 -63.255 -11.508
-0.12 -59.37 -11.604
-0.11 -55.484 -11.698
-0.1 -51.597 -11.792
-0.09 -47.709 -11.885
-0.08 -43.821 -11.977
-0.07 -39.931 -12.068
-0.06 -36.041 -12.158
-0.05 -32.15 -12.247
-0.04 -28.258 -12.335
-0.03 -24.365 -12.423
-0.02 -20.471 -12.509
-0.01 -16.531 -12.549
0 0 0.35847
0.01 76.392 72.777
0.02 154.21 146.62
0.03 233.44 221.88
0.04 314.07 298.54
0.05 396.1 376.6
0.06 479.52 456.04
0.07 564.31 536.85
0.08 650.46 619.03
0.09 737.96 702.56
0.1 826.81 787.44
0.11 916.99 873.64
0.12 1008.5 961.17
0.13 1101.3 1050
0.14 1195.4 1140.1
0.15 1290.8 1231.6
0.16 1387.5 1324.3
0.17 1485.4 1418.2
0.18 1584.6 1513.5
0.19 1685.1 1609.9
0.2 1786.7 1707.6
0.21 1889.6 1806.6
0.22 1993.8 1906.7
0.23 2099.1 2008
0.24 2205.6 2110.6
0.25 2313.2 2214.3
0.26 2422.1 2319.1
0.27 2532.1 2425.2
0.28 2643.2 2532.3
0.29 2755.5 2640.6
0.3 2868.9 2750
0.31 2983.4 2860.6
0.32 3099 2972.2
0.33 3215.7 3084.9
0.34 3333.5 3198.7
0.35 3452.3 3313.6
0.36 3572.2 3429.5
0.37 3693.1 3546.5
0.38 3815.1 3664.5
0.39 3938.1 3783.5
0.4 4062.1 3903.6
0.41 4187.2 4024.6
0.42 4313.2 4146.7
0.43 4440.2 4269.7
0.44 4568.1 4393.7
0.45 4697 4518.6
0.46 4826.9 4644.5
0.47 4957.7 4771.4
0.48 5089.5 4899.1
0.49 5222.2 5027.8
